%YAML:1.0
---
model_type: PINHOLE
camera_name: camera
image_width: 640
image_height: 480
distortion_parameters:
   k1: 1.25323e-01
   k2: -2.51452e-01
   p1: 7.12e-04
   p2: 6.217e-03
projection_parameters:
   fx: 6.165911254882812e+02
   fy: 6.166796264648438e+02
   cx: 3.242193603515625e+02
   cy: 2.3942701721191406e+02
